1
4
8
10
12
21
23
32
34
43
45
48
54
56
59
63
65
89
98
146
213
224
235
246
247
289
304
330
333
341
352
359
402
418
429
440
451
457
458
503
514
517
536
539
547
558
598
605
609
610
613
616
620
627
631
632
635
638
642
643
646
649
653
660
686
687
693
715
719
737
748
795
798
809
812
817
828
850
901
990
996
1038
1051
1093
1104
1115
1126
1137
1148
1181
1187
1191
1192
1196
1203
1207
1218
1225
1229
1236
1240
1247
1251
1284
1294
1302
1313
1324
1335
1349
1379
1390
1405
1408
1416
1427
1430
1445
1489
1490
1544
1545
1547
1592
1599
1617
1621
1625
1632
1645
1647
1690
1693
1697
1708
1719
1720
1730
1745
1748
1774
1785
1786
1802
1808
1813
1824
1840
1841
1874
1879
1886
1910
1941
1984
2039
2076
2112
2123
2180
2200
2208
2211
2222
2230
2235
2244
2274
2280
2292
2303
2307
2310
2314
2318
2321
2325
2373
2376
2384
2391
2395
2397
2398
2406
2409
2414
2417
2428
2439
2442
2468
2472
2475
2490
2501
2508
2512
2519
2523
2535
2567
2568
2600
2688
2721
2791
2795
2802
2813
2816
2824
2827
2868
2870
2879
2882
2890
2901
2912
2923
2934
2937
2978
2982
2989
2993
3000
3004
3011
3015
3022
3033
3066
3069
3074
3099
3101
3112
3121
3173
3184
3187
3195
3201
3206
3216
3217
3220
3223
3228
3261
3267
3274
3300
3329
3366
3407
3473
3528
3568
3623
3667
3678
3689
3692
3700
3704
3711
3714
3722
3791
3794
3802
3816
3868
3879
3880
3882
3890
3901
3904
3912
3913
3923
3956
3961
3971
3982
4004
4015
4016
4026
4059
4084
4162
4173
4184
4195
4202
4206
4250
4251
4254
4257
4262
4289
4317
4357
4360
4372
4375
4389
4394
4405
4408
4411
4415
4448
4455
4459
4463
4466
4470
4471
4481
4488
4489
4492
4499
4503
4510
4518
4521
4544
4547
4548
4554
4562
4570
4575
4576
4584
4587
4595
4597
4617
4650
4656
4657
4679
4690
4701
4707
4712
4785
4855
4856
4861
4866
4872
4883
4894
4905
4910
4911
4916
4943
4946
4949
4954
4969
4971
4972
4980
4982
4983
4991
4993
4994
5000
5002
5005
5009
5042
5046
5048
5049
5052
5074
5082
5085
5097
5107
5140
5144
5152
5163
5165
5174
5185
5196
5199
5200
5207
5252
5256
5258
5266
5269
5273
5280
5291
5307
5311
5313
5344
5349
5353
5357
5358
5368
5372
5379
5390
5404
5408
5409
5412
5453
5508
5537
5541
5548
5549
5551
5552
5560
5582
5584
5593
5603
5604
5606
5607
5637
5639
5640
5643
5687
5695
5749
5753
5774
5785
5796
5797
5804
5807
5808
5838
5849
5878
5904
5944
5955
5959
5966
5970
5973
5981
5992
5999
6032
6036
6042
6043
6054
6064
6065
6076
6087
6097
6098
6130
6131
6153
6168
6175
6186
6230
6234
6237
6238
6263
6274
6293
6341
6351
6355
6366
6373
6377
6384
6388
6391
6396
6432
6438
6454
6476
6487
6493
6531
6543
6546
6550
6556
6567
6568
6578
6585
6589
6598
6600
6633
6637
6649
6659
6660
6670
6671
6682
6692
6725
6736
6791
6831
6845
6850
6853
6864
6867
6872
6875
6883
6886
6927
6930
6934
6989
7030
7051
7073
7084
7128
7136
7139
7147
7158
7161
7169
7172
7180
7194
7224
7227
7235
7245
7246
7248
7257
7268
7279
7290
7326
7334
7337
7341
7352
7363
7429
7432
7433
7440
7441
7452
7462
7484
7487
7488
7517
7518
7520
7532
7535
7557
7568
7587
7590
7620
7626
7627
7634
7638
7642
7653
7660
7664
7671
7675
7678
7681
7682
7715
7719
7726
7737
7744
7748
7759
7770
7781
7814
7821
7825
7831
7880
7930
7934
7941
7942
7945
7949
7953
7956
7963
7974
7975
7985
8018
8027
8030
8038
8041
8049
8052
8060
8063
8071
8074
8078
8082
8085
8115
8121
8165
8224
8227
8232
8243
8246
8247
8254
8257
8265
8268
8279
8282
8309
8315
8319
8320
8331
8335
8338
8353
8357
8360
8368
8374
8375
8419
8434
8437
8445
8448
8456
8459
8467
8474
8511
8562
8573
8627
8638
8649
8657
8660
8666
8712
8819
8822
8823
8833
8841
8845
8848
8852
8855
8858
8874
8903
8907
8921
8940
8942
9013
9016
9019
9031
9035
9041
9050
9061
9063
9068
9071
9102
9105
9107
9112
9167
9171
9204
9420
9431
9442
9453
9464
9519
9536
9541
9548
9552
9603
9625
9636
9647
9709
9717
9728
9731
9739
9750
9753
9764
9805
9811
9816
9823
9827
9828
9831
9834
9838
9845
9849
9860
9897
9900
