19
20
21
24
26
27
28
29
30
31
34
35
36
38
39
40
42
43
44
45
46
47
48
49
50
51
52
53
54
56
57
60
61
62
63
65
67
68
69
70
74
75
76
77
78
80
81
82
83
84
87
88
89
90
91
92
93
94
96
97
98
99
100
101
105
107
108
109
110
113
114
115
117
118
123
125
127
130
138
140
141
142
146
148
149
151
156
158
159
162
163
164
165
166
167
168
171
173
174
177
178
179
184
185
186
190
195
196
197
198
200
201
202
205
206
207
209
210
211
213
215
216
217
219
220
221
222
223
225
226
227
228
229
230
231
232
234
235
236
239
240
241
243
244
245
246
248
249
250
251
252
256
259
262
267
268
269
270
271
272
273
274
275
276
277
278
279
280
281
282
283
284
285
287
288
290
291
294
295
296
297
298
300
301
302
303
304
305
306
308
311
315
321
324
326
327
328
329
330
331
333
334
335
336
337
338
344
345
346
347
349
350
351
352
355
356
357
358
359
362
363
364
365
368
372
377
378
379
380
381
382
383
384
385
386
387
388
389
390
391
392
393
394
395
396
397
398
399
400
