11
12
13
14
15
16
17
18
19
20
31
32
33
34
35
36
37
38
39
40
41
42
51
52
53
54
55
56
57
58
59
60
71
72
73
74
75
76
77
78
79
80
91
92
93
94
95
96
97
98
99
100
111
112
113
114
115
116
117
118
119
120
131
132
133
134
135
136
137
138
139
140
151
152
153
154
155
156
157
158
159
160
171
172
173
174
175
176
177
178
179
180
191
192
193
194
195
196
197
198
199
200
211
212
213
214
215
216
217
218
219
220
228
231
232
233
234
235
236
237
238
239
240
251
252
253
254
255
256
257
258
259
260
271
272
273
274
275
276
277
278
279
280
291
292
293
294
295
296
297
298
299
300
306
311
312
313
314
315
316
317
318
319
320
331
332
333
334
335
336
337
338
339
340
351
352
353
354
355
356
357
358
359
360
371
372
373
374
375
376
377
378
379
380
391
392
393
394
395
396
397
398
399
400
411
412
413
414
415
416
417
418
419
420
431
432
433
434
435
436
437
438
439
440
451
452
453
454
455
456
457
458
459
460
465
467
471
472
473
474
475
476
477
478
479
480
481
485
491
492
493
494
495
496
497
498
499
500
501
511
512
513
514
515
516
517
518
519
520
524
531
532
533
534
535
536
537
538
539
540
551
552
553
554
555
556
557
558
559
560
571
572
573
574
575
576
577
578
579
580
591
592
593
594
595
596
597
598
599
600
611
612
613
614
615
616
617
618
619
620
621
630
631
632
633
634
635
636
637
638
639
640
651
652
653
654
655
656
657
658
659
660
671
672
673
674
675
676
677
678
679
680
691
692
693
694
695
696
697
698
699
700
708
711
712
713
714
715
716
717
718
719
720
727
730
731
732
733
734
735
736
737
738
739
740
751
752
753
754
755
756
757
758
759
760
771
772
773
774
775
776
777
778
779
780
785
791
792
793
794
795
796
797
798
799
800
808
811
812
813
814
815
816
817
818
819
820
831
832
833
834
835
836
837
838
839
840
845
847
851
852
853
854
855
856
857
858
859
860
862
871
872
873
874
875
876
877
878
879
880
891
892
893
894
895
896
897
898
899
900
902
911
912
913
914
915
916
917
918
919
920
924
928
929
931
932
933
934
935
936
937
938
939
940
950
951
952
953
954
955
956
957
958
959
960
966
971
972
973
974
975
976
977
978
979
980
984
986
991
992
993
994
995
996
997
998
999
1000
1011
1012
1013
1014
1015
1016
1017
1018
1019
1020
1031
1032
1033
1034
1035
1036
1037
1038
1039
1040
1051
1052
1053
1054
1055
1056
1057
1058
1059
1060
1071
1072
1073
1074
1075
1076
1077
1078
1079
1080
1083
1091
1092
1093
1094
1095
1096
1097
1098
1099
1100
1111
1112
1113
1114
1115
1116
1117
1118
1119
1120
1123
1127
1131
1132
1133
1134
1135
1136
1137
1138
1139
1140
1142
1151
1152
1153
1154
1155
1156
1157
1158
1159
1160
1171
1172
1173
1174
1175
1176
1177
1178
1179
1180
1189
1191
1192
1193
1194
1195
1196
1197
1198
1199
1200
1211
1212
1213
1214
1215
1216
1217
1218
1219
1220
1231
1232
1233
1234
1235
1236
1237
1238
1239
1240
1251
1252
1253
1254
1255
1256
1257
1258
1259
1260
1271
1272
1273
1274
1275
1276
1277
1278
1279
1280
1291
1292
1293
1294
1295
1296
1297
1298
1299
1300
1311
1312
1313
1314
1315
1316
1317
1318
1319
1320
1331
1332
1333
1334
1335
1336
1337
1338
1339
1340
1351
1352
1353
1354
1355
1356
1357
1358
1359
1360
1371
1372
1373
1374
1375
1376
1377
1378
1379
1380
1391
1392
1393
1394
1395
1396
1397
1398
1399
1400
1403
1411
1412
1413
1414
1415
1416
1417
1418
1419
1420
1429
1431
1432
1433
1434
1435
1436
1437
1438
1439
1440
1451
1452
1453
1454
1455
1456
1457
1458
1459
1460
1468
1471
1472
1473
1474
1475
1476
1477
1478
1479
1480
1491
1492
1493
1494
1495
1496
1497
1498
1499
1500
1511
1512
1513
1514
1515
1516
1517
1518
1519
1520
1531
1532
1533
1534
1535
1536
1537
1538
1539
1540
1546
1551
1552
1553
1554
1555
1556
1557
1558
1559
1560
1569
1571
1572
1573
1574
1575
1576
1577
1578
1579
1580
1582
1583
1591
1592
1593
1594
1595
1596
1597
1598
1599
1600
1609
1611
1612
1613
1614
1615
1616
1617
1618
1619
1620
1631
1632
1633
1634
1635
1636
1637
1638
1639
1640
1651
1652
1653
1654
1655
1656
1657
1658
1659
1660
1671
1672
1673
1674
1675
1676
1677
1678
1679
1680
1685
1691
1692
1693
1694
1695
1696
1697
1698
1699
1700
1711
1712
1713
1714
1715
1716
1717
1718
1719
1720
1731
1732
1733
1734
1735
1736
1737
1738
1739
1740
1751
1752
1753
1754
1755
1756
1757
1758
1759
1760
1771
1772
1773
1774
1775
1776
1777
1778
1779
1780
1790
1791
1792
1793
1794
1795
1796
1797
1798
1799
1800
1811
1812
1813
1814
1815
1816
1817
1818
1819
1820
1831
1832
1833
1834
1835
1836
1837
1838
1839
1840
1841
1851
1852
1853
1854
1855
1856
1857
1858
1859
1860
1863
1871
1872
1873
1874
1875
1876
1877
1878
1879
1880
1891
1892
1893
1894
1895
1896
1897
1898
1899
1900
1911
1912
1913
1914
1915
1916
1917
1918
1919
1920
1930
1931
1932
1933
1934
1935
1936
1937
1938
1939
1940
1942
1951
1952
1953
1954
1955
1956
1957
1958
1959
1960
1971
1972
1973
1974
1975
1976
1977
1978
1979
1980
1991
1992
1993
1994
1995
1996
1997
1998
1999
2000
