5
6
7
8
13
14
15
16
17
18
21
22
23
24
29
30
31
32
37
38
39
40
45
46
47
48
53
54
55
56
61
62
63
64
69
70
71
72
77
78
79
80
85
86
87
88
93
94
95
96
101
102
103
104
109
110
111
112
117
118
119
120
125
126
127
128
133
134
135
136
141
142
143
144
149
150
151
152
157
158
159
160
165
166
167
168
173
174
175
176
181
182
183
184
189
190
191
192
193
197
198
199
200
201
205
206
207
208
212
213
214
215
216
221
222
223
224
229
230
231
232
237
238
239
240
245
246
247
248
249
253
254
255
256
261
262
263
264
269
270
271
272
277
278
279
280
285
286
287
288
293
294
295
296
301
302
303
304
309
310
311
312
317
318
319
320
325
326
327
328
333
334
335
336
341
342
343
344
346
349
350
351
352
357
358
359
360
362
365
366
367
368
372
373
374
375
376
381
382
383
384
389
390
391
392
396
397
398
399
400
405
406
407
408
413
414
415
416
421
422
423
424
429
430
431
432
435
437
438
439
440
445
446
447
448
451
453
454
455
456
458
461
462
463
464
469
470
471
472
477
478
479
480
485
486
487
488
493
494
495
496
501
502
503
504
509
510
511
512
517
518
519
520
525
526
527
528
533
534
535
536
541
542
543
544
549
550
551
552
557
558
559
560
563
565
566
567
568
573
574
575
576
581
582
583
584
589
590
591
592
597
598
599
600
605
606
607
608
613
614
615
616
621
622
623
624
629
630
631
632
634
635
637
638
639
640
645
646
647
648
653
654
655
656
661
662
663
664
669
670
671
672
677
678
679
680
685
686
687
688
693
694
695
696
701
702
703
704
709
710
711
712
717
718
719
720
725
726
727
728
733
734
735
736
737
741
742
743
744
747
749
750
751
752
757
758
759
760
765
766
767
768
773
774
775
776
778
781
782
783
784
789
790
791
792
797
798
799
800
