84
295
297
298
300
301
462
923
924
939
941
942
944
945
1191
1193
1194
1196
1197
1652
1974
2181
2183
2184
2507
2509
2510
2512
2513
2517
2519
2520
2675
2677
2678
2680
2681
2885
2887
2888
2890
2891
3430
3542
3907
3909
3910
3912
3913
4103
4105
4106
4108
4109
4110
4112
4113
4115
4116
4117
4119
4120
4122
4123
4124
4126
4127
4129
4130
4299
4301
4302
4304
4305
4306
4308
4309
4311
4312
4550
4747
4749
4750
4752
4753
4775
4777
4778
4780
4781
4782
4784
4785
4787
4788
5055
5057
5058
5060
5061
5474
5531
5533
5534
5536
5537
5601
5603
5604
5606
5607
5685
5687
5688
5690
5691
5692
5694
5695
5697
5698
5740
6063
6065
6066
6068
6069
6070
6072
6073
6075
6076
6077
6079
6080
6082
6083
6133
6135
6136
6138
6139
6140
6142
6143
6145
6146
6217
6219
6220
6222
6223
6437
6440
6665
6667
6668
6670
6671
6693
6695
6696
6698
6699
6700
6702
6703
6705
6706
